patient={'SW';  'MW';   'JS';   'KB';   'LM';   'PB';   'JP';   'DS';   'WB';   'RP';   'JB';   'JA';   'MC';   'JN';   'DF';   'DP'; ...
    'LN01'; 'LN02'; 'LN03'; 'LN05'; ...
    'LN06'; 'LN07'; 'LN08'; 'LN09'; 'LN11'; 'LN13'; 'LN18'; ...
    'LN_B01';'LN_B02';'LN_B03'; ...
    'LN_C02';'LN_C04';'LN_C05';'LN_C06';'LN_C08';'LN_C09';'LN_C10';'LN_C11';'LN_C12';'LN_C16';'LN_C17';'LN_C18';'LN_C20';...
    'LN_C21';'LN_C22';'LN_C23';'LN_C24';'LN_C28'; ...
    'OX01';'OX02';'OX04';'OX06';'OX08';'OX09';'OX13';'OX14'; ...
    'PLFP05';'PLFP06';'PLFP13';'PLFP14';'PLFP15';'PLFP17';'PLFP19';'PLFP21';'PLFP24';...
    };

total_ON =[ ...
    9      5       10      NaN     18      18      21      10      9       18      16      5       16      10      25      14  ...
    9      4       19      8       ...
    17      20      20      7       5       7       13  ...
    28      16      19      ...
    8       13      17      7       30      12      40      12      22      13      12      8       22  ...
    14      20      12      11      4       ...
    6       16      8       23      11      6       8       NaN     ...
    48      39      7       11      34      14      7       20      15     ...
    ];

R_akinesia_ON = [ ...
    1       0       2       NaN     5       6       6       1       3       6       4       1       5       1       4       2   ...
    2       0       5       2      ...
    5       8       5       1       0       2       3      ...
    6       4       4      ...
    3       3       2       3       5       2       13      3       6       5       2       2       6   ...
    4       5       1       3       1      ...
    2       3       2       5       3       0       0       NaN     ...
    10      9       0       1       13      4       1       5       7       ...
    ];

L_akinesia_ON = [ ...
    2       4       2       NaN     5       5       7       3       3       4       6       2       6       2       6       4   ...
    2       1       5       3       ...
    3       4       9       4       2       2       1      ...
    10      5       5       ...
    3       6       5       2       8       2       15      4       10       2       4       2       9.5    ...
    5       7       5       3       0       ...
    1       6       3       8       4       4       4     NaN       ...
    13      12      0       8       11      5       0      6        5       ...
    ];

R_tremor_ON = [ ...
    1       0       0       NaN     0       0       1       2       0       1       0       0       0       0       4       2   ...
    1       1       0       0      ...
    0       0       0       0       0       0       2   ...
    2       0       0       ...
    0       0       0       0       1       1       2       0       2       0       0       0       0   ...
    0       1       0       0       0      ...
    0       0       0       1       0       0       1      NaN     ...
    0       8       0       0       0       0       4       0       6      ...
    ];

L_tremor_ON = [ ...
    1       0       0       NaN     0       0       0       1       0       1       0       0       0       0       4       0   ...
    1       0       0       0      ...
    0       0       0       0       0       0       0      ...
    2       0       0      ...
    0       0       8       0       3       1       0       0       1       0       0       0       1   ...
    0       1       0       0       0      ...
    0       1       0       1       1       1       1      NaN     ...
    2       6       0       0       0       0       0       0       0      ...
    ];

total_OFF = [ ...
    30      19      36      50      71      51      49      56      38      72      72      28      55      35      43     54   ...
    35      35      53      31      ...
    41      46      41      63      28      22      38  ...
    40      53      52      ...
    28      32      43      21      55      28      63      56      39       46      34      25      50    ...
    38      52      33      48      47     ...
    26      55      31      36      44      34      36      38     ...
    70      53      14      17      NaN     16      7       30      19      ...
    ];

R_akinesia_OFF = [ ...
    7       5       9       4       19      13      13      13      15      17      17      6       18      7       7       14  ...
    2       7       18      4      ...
    8       16      10      13      1       6       8      ...
    6       11      5       ...
    4       6       12      5       11      3       17      11      8     12      8       7       14      ...
    13      8       7       8       9      ...
    4       10      7       8       11      6       7       11     ...
    18      11      1       2       NaN     5       2       9       7     ...
    ];

L_akinesia_OFF = [ ...
    7       5       8       23      19      15      16      16      6       22      23      8       12      8       10      12  ...
    7       8       15      10      ...
    13      12      15      20      8       5       7   ...
    15      14      13     ...
    5       10      14      6       13      6       19      11      17     11      10      8       15      ...
    10      14      8       10      15      ...
    10      15      7       10      14      11      10      7      ...
    22      15      3       10      NaN     5       0       9       8      ...
    ];

R_tremor_OFF = [ ...
    1       0       2       8       5       7       1       3       1       4       2       1       7       4       4       5   ...
    7       6       1       0      ...
    3       3       0       8       1       1       4      ...
    2       5       8       ...
    3       0       0       0       4       3       3       6       3      6       2       0       2   ...
    0       4       7       5       1       ...
    1       5       1       5       1       1       4       7      ...
    1       11      0       0       NaN     1       4       0       0     ...
    ];

L_tremor_OFF = [ ...
    4       0       5       3       3       2       1       4       2       6       8       3       3       2       8       5   ...
    8       1       1       3      ...
    2       0       1       5       3       0       4       ...
    4       9       9       ...
    7       0       10      0       4       3       2       4       2     3       2       0       1.5      ...
    0       5       2       7       0      ...
    1       5       0       1       3       4       4       4      ...
    4       8       1       4       NaN     0       0       0       0     ...
    ];